138
162
192
198
222
227
250
340
379
386
398
414
432
439
451
464
478
492
509
527
534
546
562
585
594
602
618
635
650
703
780
834
937
989
1068
1288
1310
1481
1566
1602
1617
1630
1640
1646
1653
1670
1732
1847
2127
2203
2480
2724
2740
2860
2882
2900
2947
2965
3074
3096
3114
3125
3229
3258
3344
3402
3420
3467
3516
3551
3632
3650
3703
3789
3856
3897
3906
3914
3922
3928
3933
3944
3954
3969
3984
3995
4006
4022
4038
4054
4070
4088
4104
4116
4134
4166
4195
4243
4307
4340
4374
4392
4414
4446
4482
4500
4530
4560
4570
4578
4587
4593
4601
4620
4629
4663
4680
4693
4750
4765
4772
4786
4799
4818
